63632
193572
987795
392485
386311
405475
302848
832076
158739
464478
955504
196358
43414
234800
944613
313739
609385
361962
994636
100
836770
829713
366312
687784
37813
92176
515268
389039
354870
582379
924777
67213
526360
84517
249116
33437
89864
538151
296477
718053
407286
962159
597562
87319
15481
174119
623126
635982
971752
246551
413774
249828
909584
450455
499453
33931
883177
755074
379952
705213
782257
379043
871961
757658
668975
28680
41496
851820
325349
875960
781561
382910
577472
644536
522340
873365
748224
666236
959540
232577
294481
944217
580254
234593
174351
29800
924428
359398
961612
793071
315716
214787
604298
591526
977684
411587
122013
526324
997404
260200
334307
502886
572553
182713
788802
81118
827571
208422
900210
289745
856536
299819
232675
943332
807527
45229
986294
483769
823360
928477
741578
846362
651113
895512
362233
80583
415750
592910
243441
131532
381070
568286
670843
638543
168496
467731
199456
927237
51365
262485
78135
920438
52451
597716
502105
677991
881064
893624
234011
895742
794817
553561
547952
734640
171412
454505
421247
533409
946594
172185
131032
962903
362112
321758
53835
213852
796584
954337
339399
757417
105384
969191
309680
374305
750690
737823
911322
593677
930973
294417
633263
479866
905485
11597
449579
694963
976261
505891
707021
14433
37348
991933
468323
997788
515657
548232
758596
810149
463171
617418
47200
311905
292367
124621
699093
196283
891063
222029
623722
675022
359338
513242
163768
823438
894177
774489
356045
298487
553329
195756
566779
840666
382849
514264
924208
156362
969296
414961
165762
839115
835484
279848
540545
556542
941189
428258
185631
941988
951349
884716
391073
638218
114690
258505
286976
570904
440750
155388
941210
355276
241740
922945
606280
307016
954558
663319
986601
914770
172605
620621
381041
385628
939838
685469
577438
206128
587568
585911
983792
318599
138012
713490
703263
75421
345046
208184
489652
231962
624359
337500
557612
447555
193998
170168
193863
131547
583048
760178
600774
538062
1954
848571
836255
325234
770692
5644
776515
41564
171349
571542
348980
497696
874304
163024
607444
624826
472286
50230
720197
895346
958726
98632
826199
826582
806361
416027
540745
161949
812376
175945
174478
512873
528038
795673
102723
241628
121065
569212
629770
57644
511506
765724
136156
441097
58196
438988
299930
693747
145650
817840
536225
428141
823639
926763
392319
716866
724178
774523
197733
493625
915191
159419
224246
744006
390493
731703
511854
74587
621792
544240
17861
999551
784123
664447
424867
216033
590482
431441
408389
469534
518992
856714
457384
305406
169833
62329
147078
303755
867531
858291
421408
172301
194919
941299
977800
197519
425256
892427
427305
506128
8084
661668
815612
141735
547479
649687
91286
392231
412414
671500
576030
711460
409274
247423
957616
40376
606583
833811
643647
946582
354992
86630
211140
536781
947008
375752
286315
979853
910114
146158
306425
411160
696624
565972
879049
103199
247721
244590
241724
173785
7122
166199
775929
650604
654320
847052
129093
85247
789458
937629
877317
864052
806012
460577
988108
761556
121454
50120
126720
206200
741158
613746
509929
564788
776903
689976
804928
977808
677971
472854
64155
88530
561371
716389
976495
565747
486524
734121
510506
73894
240532
538654
263558
341929
361700
389800
558189
774952
621676
162212
471746
48199
699908
748155
690689
438836
573751
346769
594636
227045
57879
479468
372936
622769
997513
580319
629405
91244
335791
432518
190476
221402
363589
604658
841121
609180
953496
124168
566353
429891
715596
656012
369724
497614
36739
887535
465021
811987
351625
108089
574847
231152
97551
693907
116104
177
981841
226192
874902
609186
830279
380434
816219
456923
147374
49233
93968
367766
834822
96203
498814
170505
13746
861734
38162
110503
961077
394388
387486
570126
823058
436223
966814
486217
790801
654928
912146
810301
280851
933645
479505
817634
301589
452860
315893
768978
949298
312622
142177
181491
69400
147447
745237
26306
370698
307116
570082
840303
413268
756678
856001
231234
884226
14937
786985
906507
171726
924780
491458
432979
735229
5545
482327
846328
909955
789269
846550
620968
397652
402892
244944
791732
31950
129400
550583
269102
549064
555346
842117
622120
252957
281573
407284
863788
661657
563851
611747
707840
728571
297162
780782
143615
378548
512390
835521
669240
961633
91302
533735
523201
475210
288296
106982
403296
134767
934970
461646
613941
160227
320226
679271
595194
721006
733431
629196
258509
219166
512175
364435
264619
470836
461921
865461
532927
352248
388741
452345
314032
730553
278224
904957
912663
224122
645958
234531
155076
105161
449069
911373
6445
657233
626415
122367
446705
677662
200480
518192
619966
609642
114695
25119
911036
63123
978380
151208
97113
614643
310647
459393
454022
926346
397244
640259
285584
256013
437129
830496
335949
539388
787282
801904
160740
139336
651719
613454
572643
478202
809811
608592
545271
954957
104604
263132
858308
27030
876301
428783
631414
47702
154154
562699
519446
152608
769370
608045
758763
187942
380988
884184
928772
642196
531565
342416
663475
753635
872383
387136
507852
828853
153464
636926
509604
888497
545203
592855
922625
384279
74858
80637
625719
691271
901845
104852
31473
750388
911699
655143
780941
185360
451243
572004
782131
534393
635453
88521
769162
332757
22293
244311
629036
339909
954167
131636
731735
653075
488038
26185
19394
895520
301205
489345
810007
885487
90539
863549
532199
240774
81654
254288
454825
933848
875650
145350
604225
294654
131647
142858
481701
268938
153952
482033
685637
699565
791652
981435
839930
466990
492116
600446
485449
657194
408051
465196
553247
368425
172699
598207
585115
702571
655817
600636
912314
692810
834146
203560
196491
614299
803268
384577
892963
523054
922309
250853
307002
73736
146790
356512
994608
102182
588985
752947
30961
957901
44066
619255
804496
424234
317172
202529
696674
665380
699852
116805
463727
482143
26108
558323
140142
46404
371013
914559
112506
54079
719030
447762
190530
482572
681684
427046
401412
497156
273583
171730
674405
326967
732428
568179
675706
477737
14223
15967
212299
761375
172681
473650
812575
222337
661244
633063
355690
706293
994648
33590
607440
123352
219968
576935
52825
42187
169874
976206
483770
485558
952450
435291
808887
29431
851804
105374
838434
126207
355744
803028
817988
467629
46087
570018
485661
76020
401752
912486
779387
74114
92795
994085
430626
698244
601182
327860
117062
872422
686029
977156
639028
452659
404556
162216
988695
755322
241435
874276
594073
843098
40328
857149
858308
531112
138770
924134
844003
392356
857409
389550
448977
643485
271639
289660
617075
919899
590718
216823
840687
603828
201016
640108
165022
578870
671077
495696
981368
493775
34204
296703
637506
64040
7715
652674
423271
471120
239186
65561
78551
375491
993289
401166
478964
679265
406326
984638
366571
945923
813162
538855
537027
518694
641171
395219
800239
833006
274836
703766
186579
172613
732500
578812
480603
832324
587301
4183
507425
96383
410709
218545
375245
652010
686629
63700
364115
97895
359646
433583
923562
972457
999003
764049
446767
356087
602939
968498
665978
102049
767112
818639
333137
610711
203061
194049
374416
348005
352070
907573
561801
611016
231461
410783
70502
728826
355117
488598
984615
291497
406506
357963
125278
513515
101517
382401
732216
925208
695667
617789
761403
725517
30589
795980
18088
497735
90348
496580
5107
981684
634533
844194
468471
585740
283333
546960
258250
884795
688265
80405
780621
665409
753503
68652
89535
548927
690620
676125
6699
198148
570931
761298
725453
40716
548533
363399
888615
120344
269558
600384
800232
571688
514647
232175
158701
90584
127301
649516
834962
413129
482432
916196
28666
503847
708382
967171
844804
373549
314574
777942
357203
181389
293959
22775
513565
876430
116663
856195
16373
923103
312476
871154
307342
765305
529340
701961
753720
646018
261940
868985
519791
163356
53792
319738
151573
888979
922262
280150
610789
872146
981169
349658
519887
875006
601414
857091
816235
350083
286788
277465
207830
730592
537718
163473
293880
86882
263502
846499
250080
704871
344279
980514
15082
377765
921829
427715
545893
120065
449544
992721
2287
572449
469859
22122
809863
754016
562921
176073
549334
936186
277480
465339
10140
100517
764060
902442
197058
317891
123979
454009
790541
170821
372162
340948
227234
824624
843287
981251
142234
182908
78465
264659
530542
549252
761743
533238
887360
709246
719334
690100
164572
323051
898827
430554
364542
149260
693118
431067
563013
908392
157603
937387
822649
919925
956211
28631
459299
464151
284034
396425
311514
707496
325947
16541
437452
351683
741206
408499
658342
107637
272489
574415
393421
752795
372826
226335
337750
982435
692688
338598
373533
673473
818791
166743
369962
653225
671274
294348
850189
972831
985429
312642
953563
317475
210153
586337
884103
134282
975405
448204
496251
594441
765018
353314
96250
64400
617199
208947
830380
143675
442233
426759
279130
775077
161143
54500
319092
644966
884566
541383
312212
809143
693151
742845
49093
606502
501801
1466
206876
207638
615676
742825
847976
11270
158879
48672
217277
276759
572848
860242
353879
597470
378422
502338
748121
545346
328570
248462
700032
363378
170254
775286
430628
326824
52248
552755
260095
809524
170001
179749
644794
72119
756562
432271
170116
961280
627985
12596
104340
866339
916483
757893
148394
956845
181599
577794
385863
848976
905874
279894
391814
146347
773025
780463
454529
150339
59514
945954
159724
493284
445119
661537
515591
413219
343885
678684
439203
27605
9952
451988
259369
462927
996653
648851
161687
645648
753952
865200
793992
203598
701349
224202
477642
414893
190652
755555
638024
42212
840532
795688
946182
456067
561407
119290
773060
28075
375535
288058
598180
399203
134606
430804
495682
478980
843654
194698
219731
879416
488725
846455
197432
185601
987353
604191
833071
412842
252600
778873
794435
164252
195169
75811
14861
216158
263625
738066
296462
372533
501598
548413
720326
939532
442883
18773
243201
366856
204058
864697
405986
823708
702473
838552
963215
722649
608283
88857
203437
378143
522153
623330
867073
73908
127616
122877
77381
434249
902648
769487
566444
46271
810261
819763
481239
493132
464585
424290
967798
989493
540665
507695
459233
130687
423550
112776
293146
238053
605675
764474
307434
940073
79545
812153
149095
231122
422834
410711
794714
958752
750136
876714
444023
211144
771202
296907
682435
359689
423676
742924
168522
650167
852653
202610
400632
173385
272128
780691
517651
508436
319073
66871
156758
101288
581030
497646
716678
648647
276567
857409
724757
432987
193050
123586
861663
683216
913356
694683
584836
291706
741388
94105
476520
464070
517173
842172
578993
589245
142213
978395
158224
372254
732381
831581
942541
354964
172919
808385
113578
966409
479708
77841
718289
273692
473686
45782
224558
395142
393149
271711
638636
821724
154850
38188
263832
638358
570229
865956
337188
850920
27296
423263
33818
313900
24518
94833
468770
250411
403158
992783
711446
15375
797854
539106
314427
134032
6181
323822
416805
142169
402124
136951
358413
70497
448776
72411
302556
696360
273320
30985
683229
441728
106823
39422
42635
320354
253846
799536
524320
160965
872974
822712
101345
897168
540446
532812
103544
64258
535144
465070
528179
254693
912474
304659
66517
100084
210216
73384
500097
884338
685554
823453
526516
726114
601972
604627
845753
543983
524567
332997
478660
19443
446850
676959
555767
181173
123103
329144
171868
735471
81671
909992
232300
753929
818134
297916
194356
562911
297228
900414
366201
209034
232324
983763
368528
237162
725260
287513
182952
922952
655308
622190
680483
839309
100469
523884
502704
60955
572474
785932
614611
17949
695315
220809
357788
676402
955770
895789
2085
751488
995187
73569
378991
315986
411469
16500
829494
540478
27007
755536
960040
600707
346882
271989
948829
999653
555279
819671
138263
715690
494311
584840
200670
324166
413339
279517
214765
710540
598805
970163
660612
906380
379532
191712
262564
224438
224241
352939
357590
64746
212642
239555
172063
7282
659618
861699
938959
160346
862723
966289
385355
246398
339498
541578
849513
605609
74612
510258
62564
201882
351459
658487
274303
53989
765906
381802
659575
129720
98934
400711
951546
73632
331398
790176
547942
246912
909610
985245
418890
958817
365461
188705
560862
282705
23101
720078
231925
839376
730900
652815
22241
426192
46115
422412
618746
115917
952236
91468
75402
53637
454765
518905
318225
107217
617592
50921
30323
552966
213519
545120
10344
484519
895341
922694
59185
69688
804697
642436
37558
788776
427018
604294
713773
930505
312888
380897
172521
617711
549501
573925
270547
535600
208683
177041
730433
373575
590449
731428
721125
935555
432908
89525
219149
715258
235529
912025
7483
748372
163523
776626
772222
855045
461769
526338
55259
472712
769688
195980
890740
302066
674822
49197
220495
473461
784315
775560
265330
858308
679992
451133
488415
380391
988651
98818
484343
685286
934867
463390
93903
34492
477521
241049
218360
679747
930163
959106
481807
296635
284426
862162
853529
401073
276886
112205
467366
66247
986424
134673
719921
228175
48746
402569
963465
364340
353800
88912
793725
136962
927398
512865
644464
784326
994890
144340
635537
531372
576167
149693
572485
896756
712512
140056
851061
943916
979131
879994
733604
278699
407169
424836
42888
932261
920544
809709
894022
967980
201073
407182
731221
169975
489317
204057
510478
20699
557157
539304
66652
936612
739279
513529
589557
843365
688099
234578
433062
699555
255178
595560
976928
896950
722585
972183
411532
957400
972951
12435
344755
383694
303734
42936
688733
858563
521431
489602
910938
37299
270534
960706
3452
227232
963861
667078
354613
324774
207555
44903
370293
844654
944358
895053
912651
414435
279723
543130
73434
984281
240154
51340
362320
419898
366851
801063
296792
12752
56489
17446
131837
334245
860732
821245
824820
711356
154114
773103
131269
524257
903550
183173
296003
873378
415925
424718
671796
652628
798074
568984
650761
369912
737271
925924
909945
338185
31152
952770
399365
666368
56190
584815
249234
481012
726058
260004
827809
676982
774520
254223
791979
690621
505411
102899
796629
9988
217806
837133
468715
300475
343658
242733
401247
235800
904248
530094
72399
265020
845935
616870
233559
677234
532089
164448
381949
36358
533126
786186
507481
667315
587540
639037
959730
91236
484622
805514
701944
254704
66147
809063
349931
542213
974557
551770
681479
88593
705448
964917
698087
284162
779237
741908
764840
785369
287094
853595
473821
315903
251045
744420
817930
478740
956476
183808
266804
594186
727672
111903
857635
255995
248328
765423
863519
326665
426301
777297
726082
148737
87651
255454
486970
410978
352414
440990
189230
730502
17424
451116
218054
855833
8504
197442
811300
798073
203884
108689
638836
716119
415339
160636
245445
574470
337036
207176
96066
539580
793641
780583
624705
564861
328526
739328
485178
995241
567335
556883
293134
481141
361374
353697
721584
677166
936582
48477
515850
232769
386732
656742
585916
38095
956552
682299
773636
256468
62443
457586
265085
189069
167822
809542
701799
128386
955372
425316
546897
911274
491394
286622
683107
299919
899313
476793
667012
722915
105472
861568
842531
79326
350016
69103
206253
861550
281261
535239
201761
239138
31181
168259
331979
663963
200393
444029
318041
333096
147683
834896
662515
527475
119805
103986
944554
712
582203
730515
205800
619757
754956
946120
749744
624627
857687
902355
949266
877563
824547
844710
129230
77358
566635
333951
916291
418217
72934
325769
147407
745148
236946
278020
276941
501566
203728
825287
257212
607025
498558
501196
216477
485096
163931
556895
574876
969645
335140
22829
170280
485562
241832
258957
916063
57517
991634
31244
871825
925037
608983
203157
918477
216347
126071
659321
731278
247501
127424
242553
648791
788881
72707
919737
588401
469121
537284
741948
293938
689003
839052
975563
801028
777163
459173
910896
14128
492215
708868
435921
899266
592172
174049
529294
934311
960350
269838
17580
803664
233892
539115
539589
6453
640768
761517
591258
392281
155046
699490
882415
271192
415861
997482
200414
808198
505214
335783
981298
201622
241645
72612
68493
390697
321034
440613
190820
432376
478967
550345
359543
463249
344028
749873
561174
700893
973487
230491
601370
383451
587781
178115
581553
322751
496628
650131
103240
890431
634289
473806
316217
651305
254177
680263
351284
333477
740051
45697
337101
365645
656902
543231
815078
813051
487028
181800
709245
999403
638730
559885
685799
161687
89091
301658
988454
37697
86931
961515
991322
925376
902603
152551
513240
316688
728729
709508
99438
837978
494878
230341
99447
845714
193082
21813
739503
712139
954113
91250
18410
49208
855376
990512
818203
812450
248168
269007
621849
46970
200011
460883
227870
795251
250645
236574
445585
272032
992290
336296
793121
417249
455848
606219
253738
645494
767288
458259
197538
697381
946008
462933
804755
569290
645518
166847
523181
306542
350835
228009
941699
10268
410991
219202
546718
576490
163625
955645
61737
791078
379240
24732
314626
500629
340915
961911
51782
688843
787085
458530
676593
213519
422992
861806
81478
535045
750377
849438
875515
295071
992979
833464
769325
850971
110733
382629
484740
432816
472651
819575
441675
177303
15904
757657
361698
934213
464388
252757
292875
554784
48900
791164
630428
392098
214521
45554
245085
184122
369924
8734
304753
760958
43998
860792
992610
643353
341718
621836
508295
845362
452031
890284
849530
246558
860958
401544
380382
735941
214448
574407
770659
553631
83241
309531
976764
303522
26152
268814
971219
214406
420023
968523
629999
23356
638382
404037
73706
892094
640471
448656
46787
232440
116441
167162
379501
249405
116836
941655
229376
387481
877853
167179
418185
555980
785667
531258
472388
650365
377579
409277
531091
770699
876121
432694
507380
439181
429441
989323
918778
35913
216963
402477
643749
415224
567291
946617
12320
639463
406993
577237
343821
905225
631746
896605
838029
5316
461800
435063
78991
770760
125814
726586
5717
275844
456677
942458
238510
798802
732621
597105
930724
912999
747936
571559
35371
706748
402949
638012
548117
535419
704007
461592
621538
750462
162043
644820
244172
322802
551379
405403
773253
744653
116775
917618
563947
725437
165741
533444
823196
469327
521032
496679
664002
989795
936618
460530
530261
421500
224103
433620
543571
178890
287389
827506
326825
63797
639084
12136
303819
661285
88268
277248
553936
402451
516360
684370
409299
692477
360661
445994
446106
395797
32374
967868
827087
145190
781698
511437
436766
585026
304271
4897
342646
144843
545004
372263
802758
968970
942743
546854
299469
439873
505433
955547
312830
789962
801796
336028
114458
562107
489828
770448
721307
418833
510538
223079
499069
951871
681281
760550
943915
343022
541033
616990
900184
420918
724183
993247
171539
516053
880950
836966
791110
528979
129580
567898
230160
121293
740803
324715
555734
495236
89886
286248
970696
894949
654634
314199
788477
350320
753310
850839
501299
39053
227632
502791
102475
336558
827172
880969
408932
9114
529461
12783
147356
164020
675258
12077
468595
121128
537129
298880
746812
779302
159435
393698
993786
40422
406171
263255
347328
588341
876320
22582
554350
270635
681439
869986
913062
563609
859061
934462
93336
872432
152544
145744
134191
175391
568121
291504
868081
680528
170393
467622
942427
336867
893103
866259
696921
350440
468586
772937
938610
128204
469831
282709
946634
940702
553783
914185
12628
975966
23087
364118
397980
812224
45237
344641
372331
459794
650801
870540
535281
95888
361627
241894
852376
95880
30043
423608
476831
383434
133824
329490
275611
26811
365621
903322
277841
593096
402884
973108
21780
61663
229201
648063
464527
797025
546826
595761
4864
689260
675289
681192
2699
768683
834138
347699
693497
101460
72781
90723
922480
286080
834403
849712
716211
475641
588383
274502
112685
321521
777087
488926
889672
507885
544071
102023
871412
83120
61015
634472
672367
866474
828425
561622
720037
52280
627248
888253
196223
904661
962922
609828
459805
253923
988723
985529
718228
712289
532103
412222
821428
364535
548761
951843
600765
828066
398242
660556
291745
580491
186097
726402
132318
971728
196347
146094
321066
882868
205682
265438
411336
967780
372212
525962
120282
805002
519076
386565
832130
846235
471656
19312
321265
813160
640997
252352
964139
138937
915541
530303
747947
685008
798752
854713
555345
994949
121
520989
56907
706531
340856
184497
441989
339239
523786
52579
994830
920406
983260
428100
326354
248929
953320
466155
975713
801571
415444
371949
364219
564362
491984
231389
572403
41311
84353
587929
102604
419713
388962
477102
6816
907423
702666
468365
696911
177243
739748
640823
488420
721498
774913
689034
212780
955801
57174
975724
845999
696767
761474
432326
44122
453322
253829
648333
162731
563502
252663
895399
800982
941330
649608
34895
713965
275995
654394
33239
158248
544888
865701
704009
314238
375229
291873
232963
242966
54748
789996
600721
324307
313992
595421
494826
434708
967878
163113
840624
141497
173776
13675
407329
120168
956336
758386
562721
136487
355226
995665
538319
990326
641096
884055
800171
52355
916300
368211
385510
861575
373008
126346
530142
845577
93637
612793
864651
761486
939683
659899
665356
11988
90071
478784
114554
835562
229595
974615
143666
775386
417063
768037
260254
366982
476444
266875
696646
364768
328846
427648
502132
24798
169087
578763
498694
337170
322716
947231
86782
914063
775725
737033
963380
628452
663090
835073
779584
374447
558444
829277
546555
13369
893219
198535
62623
36874
595292
704801
794330
556539
761463
283446
391523
572252
2545
584337
155148
647370
622701
469582
527854
884258
110978
945342
290417
287658
465408
44099
278404
597666
132641
660801
702787
782579
942604
49185
827368
768261
155010
129156
781184
187591
739297
718142
551658
99298
16820
715952
699524
866576
642957
902030
902712
540554
824583
831357
251926
516141
543692
433609
137986
706378
749635
948392
827153
71240
875513
518882
274975
431717
721071
283970
274550
159617
285238
734310
999094
590840
430124
394526
199628
677903
862996
383540
984471
772241
364129
128219
764388
700950
698126
992310
354046
512353
595655
438072
818903
254656
165516
582466
333192
647138
166289
923792
787921
732240
449977
350944
114559
531544
487928
359164
826729
635576
710735
443339
663564
258970
152353
834210
143952
704913
912023
411660
984176
730330
775615
174229
606975
448220
291178
447171
238615
72210
218034
443278
241567
638894
965188
587230
607072
992487
225834
439896
262617
752641
746995
528786
428536
489557
42944
996985
764492
8721
377081
89604
166731
904776
204042
977493
666341
208003
975377
14402
122705
42933
580671
255364
772849
100626
443337
401314
233563
618739
811477
622133
18150
835223
249197
510292
225585
206187
30861
116372
841283
554231
761890
330171
422147
232812
586703
258971
692983
986604
330413
476947
642646
119979
44950
371780
928246
290737
811406
88218
712444
892749
246012
501771
812585
705804
836757
801135
729471
227051
508572
484384
228911
945435
829697
775935
544607
571475
910932
813654
709500
886726
626483
411263
179894
592072
556847
568919
888990
685739
286289
156279
423929
355003
757460
123644
847828
391110
567653
624783
557933
842378
3083
219045
250951
472759
275064
583079
332553
543236
140455
903043
172168
803504
949345
996299
470324
328890
491713
610603
869499
919132
752858
389699
738033
217479
614660
237583
684974
307610
156977
908253
99831
589587
840792
741163
628321
284546
239895
161011
844861
630820
671118
799813
128026
298735
280419
499237
85016
808947
410044
899363
190301
901744
422983
875567
937697
655736
644998
691346
479909
831330
751920
95459
126527
962656
850332
911083
710976
414422
574760
921708
719349
549763
583734
366797
322739
414132
413801
935411
656267
585101
488216
142315
441629
364197
951244
121151
16299
400011
425093
143540
108370
918901
820358
724036
248255
208700
351151
851232
870318
418750
277472
161683
729353
911489
121682
73267
267548
219050
824685
113028
286165
594842
381527
355919
383749
983150
299923
285325
577210
466241
99090
921701
877922
509221
613638
617619
24655
127502
696959
3469
932411
590673
504275
81174
44260
523167
632837
18506
941269
200725
245813
73308
642980
167094
293611
866867
274425
907122
450703
967869
434840
810940
21992
631517
495126
478809
989638
662283
269605
36652
21630
696099
245101
25336
241658
236935
583401
893349
63277
119428
254709
40975
492679
838354
347518
504160
828884
60366
546136
914730
415317
711263
472106
71340
669218
505134
379130
148124
823404
26044
813749
67903
226783
784014
284679
768594
533097
466350
702816
583709
406268
775400
317010
63900
114550
681372
444720
101089
349613
887673
98414
381802
549857
547623
565687
248129
857597
150429
73983
886445
155929
470540
516032
80619
47627
965220
903178
40173
69722
413647
744951
660092
490867
848051
742791
33996
625421
440326
831478
248078
934661
647308
725481
83039
140602
209815
981795
920828
62229
222378
722619
585239
641742
847060
862935
313532
84339
477850
843563
424802
419442
427927
379720
233293
310650
991950
767315
390552
702041
561320
854578
303818
689874
903483
605219
885134
214205
38674
35257
355922
486069
163461
124455
397351
880317
277156
435178
165274
736872
809854
44198
390161
83080
833620
639539
762113
274745
312249
611230
206806
621941
633463
983605
503320
27169
767055
497254
932047
63056
421688
642006
325333
472956
869735
472306
630869
649312
498328
263940
122082
944295
566975
415271
130964
437068
793225
835522
239888
9471
464933
289234
956134
964064
490495
283017
92208
230255
894292
85489
861075
474194
552528
653899
869939
597799
477935
783254
173631
80011
326235
702815
820057
990465
914224
173226
309492
82813
967968
224345
287411
322601
407033
156179
909629
229418
747025
345094
256374
892428
318562
943465
979523
693958
411524
985670
312247
239498
492118
983531
450053
404174
872565
832613
445951
271917
156983
854144
224817
471504
952325
755146
686881
420685
298416
795268
401893
754661
757947
645996
753097
947682
195933
974841
356404
833314
216731
444930
82300
950614
605677
752014
391560
716830
769325
74065
42114
604424
446802
24436
967360
356982
766194
214087
175095
258780
654964
503498
923426
458231
596808
901277
441507
618985
959664
287725
363616
37301
44370
924594
757801
920786
775348
743437
528368
528125
936444
409771
851593
482455
749533
79661
774169
679435
283876
770432
737599
335218
877627
883813
616148
695179
786462
165987
75162
89177
839885
900607
850659
274496
401785
475234
821859
244157
156043
619622
813112
742032
748443
381710
3295
95614
300519
380860
62929
895392
278971
619017
138454
633276
434600
736006
820479
617340
245189
817734
651504
170548
148017
223933
86606
136967
980843
818242
769266
764469
124276
283004
50369
142153
260355
693311
59430
738711
723618
940713
376490
247012
446747
297229
688723
891780
88422
494544
904466
842846
596203
773851
258308
349683
97871
107029
556967
625031
713211
480659
525909
808940
938613
953394
848878
32077
66324
184792
459843
10328
830290
427147
801659
384839
877152
910512
891575
605993
635003
503080
159435
281143
441407
138530
47176
527318
757410
251502
254546
524036
628967
169398
113260
251316
750195
528099
19496
531807
352602
410700
323235
629778
704217
909475
937096
372917
927463
195895
551872
112945
699633
878159
752928
144469
322304
351939
595416
479117
415933
971104
969411
740337
27373
830496
10585
14077
277913
221877
161307
694372
393889
20534
81144
610230
824551
858578
142277
781899
718644
694411
109218
217744
174290
322507
8648
311497
309373
123317
801679
34478
324401
6950
115803
651547
325624
701683
777481
532842
268118
959772
424526
70143
407583
811395
823173
483640
33574
65905
528356
312185
403714
130635
701344
730992
461450
403801
49511
689488
229612
950001
182041
4243
875405
678676
271260
711729
541336
616817
123861
444432
971472
165254
827132
905142
160204
348966
118100
679441
741813
50018
331761
352571
21878
509718
329093
332779
884280
9553
724518
674719
656293
24431
403432
740321
724174
343925
262982
677774
423170
236893
296491
232096
57126
699702
132121
766436
323135
817190
353890
944162
512493
771240
495760
707112
38549
104107
154848
264938
695763
99665
32034
869275
799275
828859
208088
277661
317121
861872
996369
226575
347026
390572
789109
409599
286654
931653
275454
900224
338877
429691
595439
345036
183461
535299
393668
898503
325428
990990
400889
340265
937969
164753
573336
768016
652620
98945
714335
149027
436856
752463
957743
297256
373497
527621
992746
543858
582035
68576
513194
306455
753964
280359
79617
446328
265891
819822
461713
493265
523619
918583
640824
270446
152867
753451
9571
581462
568274
191721
766102
176725
488489
928030
669476
323239
353344
547642
649895
151371
796199
531200
266728
970297
249904
662783
791787
300990
316699
79965
273186
120248
772175
44531
543363
280750
969316
850801
148684
349969
835360
378372
957785
360484
917463
847284
628963
852708
159267
983686
982767
334123
972715
700140
356398
363260
214044
639322
562859
277564
685707
881928
138510
8329
600017
319118
18999
842403
218794
581587
165120
987085
453227
614146
644217
684123
413471
370564
386763
236597
298282
658183
893038
275091
206526
267914
754062
421123
536581
449774
364485
371291
780238
561230
471329
162422
896810
289716
359810
551292
807362
842345
572716
677750
607440
403982
183170
658609
193209
626313
945850
750774
279323
347512
541912
130904
60672
754705
285702
431615
954453
51781
18657
360617
660596
643807
849108
874094
516304
196283
255836
767450
567750
487617
404076
168989
322121
97756
447950
25777
855657
885317
105133
354716
256454
166311
598900
660528
360943
446491
232492
262048
879510
825793
645418
64645
106218
629265
248963
775475
301959
98138
95062
27083
522727
887322
935959
619523
107329
169158
306616
657126
572664
304347
938946
509771
195886
526073
128020
813805
706937
546138
689954
77175
908334
201754
383130
964950
952044
632254
77672
336837
532899
185634
848238
196456
271165
584240
454366
762903
71385
901282
295070
919319
444809
236836
752390
650438
769967
423234
739048
862798
312171
490928
141215
749550
418993
977373
669595
575582
442321
256197
982883
649804
825755
125233
237110
730865
172678
896406
318795
951265
663501
415299
674526
699547
717561
440686
514720
910811
323080
521489
233613
374383
302481
808718
324243
45931
836812
347337
302418
387220
228974
243758
187638
272542
10352
438093
289133
398941
557051
679686
625538
581430
828455
914084
384057
27965
161262
110149
625034
952163
726159
662818
664609
160866
719508
257587
354110
250988
970011
991492
27937
259643
583954
212783
842108
736958
336656
418186
960939
307959
726993
303735
935499
838873
318628
892073
872111
555149
805021
439020
136449
544298
134187
280279
817526
926728
722810
815654
119098
19817
648515
182404
648895
627035
382372
982013
408259
289659
225703
555137
640976
970253
999988
161335
600653
388407
800361
822946
435422
590569
561445
287084
154912
905006
48496
242311
87258
599275
360386
197554
62222
785209
822780
497941
628435
383240
621410
809655
941862
420334
30979
706064
414875
757468
866069
607615
648737
878715
695973
145
624678
731974
155890
436860
90457
590907
517829
822967
508441
692798
542574
669488
461630
514120
30951
380433
486084
109526
993189
2357
6886
275322
41211
561655
387221
587967
706111
787565
43106
558963
267061
173129
86545
857302
4514
841280
883840
477361
242244
326635
585404
718963
671237
757913
117652
871001
524680
743845
808635
607794
345974
231379
751003
813031
154635
53988
203848
219186
301894
958457
802912
288315
418255
458805
562987
555586
838275
754966
643655
826566
733889
947775
826332
626331
568964
622736
186651
935711
588551
325648
810675
808511
854552
443557
362528
400328
216210
873487
825254
855650
333759
693903
988292
770785
945238
72621
681037
497913
920072
82669
701764
732403
958506
362893
271147
812616
572783
506645
99856
137955
920600
108567
690955
855633
203899
682732
381827
418439
138855
828859
387081
151181
349885
936122
441141
359947
790873
861371
976340
580829
391759
426028
74226
722276
88884
183657
549291
599813
293777
651389
698880
273597
88557
797333
197199
956263
404793
387760
362404
50427
113931
851221
215313
894822
639522
502327
974185
654620
473817
193753
367457
86702
367043
442085
54208
631389
555362
367197
877726
698436
118982
512501
698966
771426
804180
853982
964547
956061
860751
413566
245347
144923
66014
721110
126804
907230
539033
394768
39445
354163
54089
358832
721920
180932
939260
81286
995585
105101
534814
983739
194267
261944
231036
525677
651912
922029
579330
854675
769672
342685
158498
392026
338388
841947
595585
770703
464680
434373
842226
557972
699841
391472
224288
489869
804426
55894
6261
853828
968336
804673
601044
931751
260121
230686
136990
941347
713772
155416
212191
628642
638455
415146
325873
353428
791322
463603
905346
254697
433497
699118
308699
519801
601653
498487
763731
467592
538018
911999
140805
202717
763932
409573
746224
754842
578049
835957
198879
424058
472485
49422
262902
34291
750258
123148
534189
802958
40565
738716
336303
12550
94712
959744
605259
799789
168444
630500
346592
360161
91520
306686
716690
874743
534393
582267
814782
126027
473336
491795
990383
759987
28328
176717
279752
291191
345080
379399
525988
117850
795264
713689
302270
687869
590789
491949
379872
37524
437497
326414
829930
817340
901530
345062
103102
996044
151129
14384
11432
207763
278333
400888
792611
933820
596255
699425
715900
817644
365578
612954
879482
746648
687390
151483
699166
1172
266704
589648
178785
992007
127137
658341
803271
200564
139179
551759
998478
520789
217597
192496
204851
470426
587222
275407
839962
700024
221402
998440
559780
867556
726742
919255
208914
88264
485904
521089
619718
866654
111259
962993
515735
271892
852997
806669
835847
251048
88772
709454
299121
520291
142347
934368
180305
81233
144677
873800
202336
267105
242336
375545
780300
765163
282191
19543
80118
985682
902794
364872
43528
676405
947865
712387
627406
865643
371877
728300
914611
845859
514729
163686
883659
333104
335822
80187
290372
94634
730372
500078
576951
283042
988018
574224
689669
350061
417061
292418
523202
602102
786022
339751
607658
187566
569415
415629
691310
406186
254507
100159
992832
650881
728989
384072
672235
108678
917336
418229
550013
611476
219510
809273
970096
79399
165333
925181
295185
169182
281454
657673
239624
686985
970031
674035
282053
588232
628865
941412
575933
248792
722310
900716
880156
232555
675612
432268
547197
19667
649518
658186
870496
500661
662128
951469
218425
585452
462791
894141
372870
796519
823464
973291
120902
672934
991319
888221
406456
358103
207057
317719
6104
403965
853224
341289
305762
118580
726001
949868
135937
470582
246617
133459
860965
878830
570671
295921
13817
931755
555968
209947
877568
238763
786822
326451
141320
35976
670210
519176
601715
649915
807233
512428
537314
671959
919640
419206
17009
435351
411312
998202
801919
601039
100530
350640
447590
582221
61000
758507
808914
746937
205043
722165
505150
817341
387776
13754
722515
346765
383743
611544
588862
477221
886549
200033
956189
262260
329664
80456
205487
937356
963018
906839
137457
176542
99393
645841
389207
608478
660167
650783
405125
830972
367728
643143
443410
392003
901250
130148
958931
845935
108937
140123
534743
285774
537080
602961
513793
765413
225194
944423
450838
707530
2504
375822
225193
82759
645781
300447
892727
223007
536406
311734
654728
856823
22190
535057
229359
848095
90208
248402
756486
58705
754527
943793
61615
568400
834008
864253
966728
154377
597958
287442
436137
234547
291689
723972
594862
248691
635427
491066
248781
762812
812631
101470
785975
843185
403228
439892
519302
31266
835059
563993
143231
623728
450015
39450
535278
567402
929282
40529
460403
909490
532833
30477
343701
227147
658224
999940
988030
458877
794357
193531
116151
56436
298826
839489
902465
396982
297857
784650
637560
657317
726293
929153
107949
708556
262044
605139
896714
145223
624034
418471
361534
84736
392277
24542
987592
482348
676615
944671
203843
564285
384828
984303
685233
507188
284731
438412
808606
351916
771621
235492
570331
744395
220120
300235
509743
165827
271735
164912
123192
769024
510075
286360
219996
967477
689528
454091
212884
683421
823302
843370
578106
116776
194731
161360
109180
622421
642896
257913
264544
987321
893821
2154
609277
813476
105181
548552
245586
510887
307758
771499
896392
884530
478063
875462
736121
526492
210793
987242
733963
155873
626829
790796
515645
432472
896890
543507
748707
350811
968113
248840
543272
952353
662367
942527
558887
755773
611181
829195
723723
110993
718389
302175
274779
237879
596724
968299
139418
924826
938444
414268
214842
691746
989425
925992
66468
114124
370894
102641
662182
770060
595888
678696
875066
991513
757131
565370
665362
35176
329855
630859
272127
169862
722368
217720
94921
837769
429620
560435
684774
826285
462247
708358
863798
114758
940587
937894
678534
557717
542095
779166
372660
529530
243357
924578
965888
244593
599788
43999
853784
408112
402955
18083
948194
13651
146144
718370
564031
302373
824375
476224
936771
308124
31130
557621
241656
785169
109837
863467
370536
130364
987655
79616
856577
779504
134875
443041
283405
3738
780021
858332
713260
360947
489189
127466
673935
949644
204156
678988
702746
870429
63069
24304
210881
496850
178681
508386
779936
264358
368527
261549
392425
12706
875675
844761
315816
708100
227347
700257
39419
635976
288702
829425
896906
990207
387802
925851
975336
575396
991306
201903
809633
2193
65853
313187
629731
920771
827736
413246
239833
64740
233637
855477
74538
160431
194636
662630
705658
151435
787842
897550
610825
974309
885590
545810
187069
250733
833511
759928
994046
220383
198572
563922
928913
221482
622462
17547
418443
937571
991274
545816
103055
791912
581008
729785
215388
325570
999057
215295
102994
132590
282328
570550
664205
546420
74244
528769
526709
679321
339272
361122
515973
422723
221247
486213
901765
292224
162160
547908
169458
502822
176445
872838
938693
878871
673752
384791
456205
602496
276421
148031
460853
634161
324624
790044
719665
894317
638658
797605
983709
856055
660567
819497
13569
552657
661067
633878
563863
287436
19954
145329
397070
356815
138649
160767
45578
848710
382451
616848
69997
510586
197806
263774
973785
148441
865791
588235
89670
358294
641717
726166
534298
252462
10432
20249
794097
834212
950806
481415
876447
273319
131117
838531
960487
48945
736103
836399
473263
303337
167800
608563
137140
494330
300734
792062
723218
553542
694255
91835
323793
882139
848127
577689
444068
653999
320884
238352
123766
989939
947504
853209
926307
65134
889970
595223
406247
47675
729458
191487
355163
914139
88731
314610
293072
87390
466377
852902
302434
200397
6975
283131
469203
32216
201376
44065
336124
735074
506054
42645
984029
188947
809080
651248
394087
224556
641839
200673
893541
927033
742699
610844
119714
70135
709934
373192
689220
792219
245649
499438
598172
604384
273546
687965
505986
421014
381095
390113
401142
142404
611682
256578
993905
210754
561206
591623
566241
373847
178545
14011
845563
576554
170968
12641
28759
80443
603263
441364
7068
421999
309134
307517
44863
473280
405020
315524
351054
317281
519695
286479
845399
271392
492713
6167
962076
629364
407973
69015
390439
168210
296491
74126
886237
718567
699756
175434
868053
725860
59922
768431
61459
48884
233306
281354
787701
946882
419286
102528
674226
282619
966357
868372
455298
523087
412345
147023
49452
324371
760595
400747
840714
492836
948800
908334
878297
243009
951695
113264
407013
986458
256972
807524
816444
724427
816023
496746
952759
383306
149696
344121
568737
469978
531316
834917
712924
880223
717809
687069
655742
52616
413816
963997
460591
72624
542719
463795
590549
417027
544316
246547
965217
916806
913515
242918
5296
428762
114389
99678
769429
981948
510091
701369
144690
882270
357153
398621
616593
650225
178964
281237
630509
945930
984203
397307
585402
266896
257227
417600
983589
716261
500386
797756
734656
381877
894003
730202
877951
472027
842519
440588
295434
389112
125338
66687
490219
129918
564801
643377
604112
927052
943433
418973
429334
337673
699412
819076
569486
676288
170326
544537
283371
505992
907462
534172
177073
982405
558864
172212
998200
767454
741645
178573
917782
844462
965138
366837
387373
112978
444140
765482
802746
991217
520879
650909
987754
116012
481191
516794
924744
750785
325066
272409
735385
224778
381167
451960
83830
73801
593879
970883
474585
690644
26322
812382
674900
177916
898132
377804
211180
876917
975814
396072
7560
794625
276102
828208
124721
872398
722206
640120
853501
7754
767280
709319
772195
332893
660240
77951
554050
360353
973770
313227
545733
968165
44728
824020
121823
745850
183881
461576
110901
591523
872852
218809
704680
661304
29380
549276
362057
987773
652082
642635
89191
285139
498840
150059
64664
657245
201388
77833
254062
602516
1567
15121
382007
177757
167419
706580
258579
230846
22279
429704
917172
648861
654032
955421
412083
177793
108568
54585
479330
705968
837330
360946
942247
782033
847730
249114
983859
60894
14074
14170
704537
395647
207816
964629
181926
829589
497942
646053
114029
111827
259129
712974
679486
119099
429125
394499
615890
286348
986949
227914
700391
336291
57038
276545
740319
907311
681616
191612
958749
95631
70593
703630
170383
214477
360580
234909
948059
601774
521904
336867
33338
315514
882270
24031
989794
592999
185584
166413
751489
813133
146280
433917
742827
780327
729718
576691
834301
883410
124053
896115
6056
125469
588637
859836
896058
362323
785156
725179
859507
255994
742361
90802
872855
266140
466571
274055
533987
869123
592007
413987
826451
305663
644789
65041
644786
956235
293578
749341
127237
798689
349521
149274
495731
125370
225409
287705
186858
377739
842012
637269
476881
409936
775089
203365
389558
607806
363392
331224
363296
16040
12742
737911
211535
643472
72216
375865
651324
779818
653399
231934
17893
665700
282478
552603
774445
450618
993020
164473
363675
196153
676107
92606
674867
506877
80236
257883
235535
812287
181175
433372
179397
696611
42919
125404
477749
33985
946826
583485
349194
278720
885885
6279
977307
4176
631998
657332
686648
62330
913954
832365
841036
629240
177387
530055
603800
892689
925285
840888
131614
340209
939121
601894
261067
743848
867064
947168
870724
973861
267622
13980
428054
179232
561671
776618
53106
153372
877837
676047
216925
381014
346186
359915
701929
716265
533374
289830
355103
577355
227020
116441
66336
594696
970422
729752
23886
172691
282457
753866
598620
153879
824574
497031
351070
996929
385180
509350
853525
983078
261242
796651
119240
82115
97429
50339
673968
184168
903311
6411
116904
350643
264259
852892
533630
6252
829098
594726
111430
434401
481458
586457
696584
479998
821196
506383
620505
752199
797050
72491
863023
832254
736642
781553
326473
935952
203648
892495
375104
71552
495146
179538
979666
450591
864172
165512
148987
743885
313398
535035
84546
201324
448911
841563
127198
741310
518511
157187
971072
878218
424750
860766
840865
448919
874455
63659
759869
793320
74019
420871
31900
550075
830913
875710
607475
246171
538353
139925
411547
293279
947514
661157
575514
239571
949613
983281
291226
230255
717899
365534
617202
490798
185323
105365
460660
565213
730569
135361
410153
144923
78757
60819
219010
192658
932274
603014
235343
445690
564761
594189
587116
345748
64696
702230
466718
12528
658867
137641
292469
864412
589615
57116
811998
498304
232196
540973
723357
308659
467532
665300
484677
289280
534608
618409
979012
126882
13077
628684
335866
971937
230613
662010
961403
794878
327698
225811
315936
454922
488535
705407
504364
976831
902320
339222
104548
139453
797859
913727
952324
214836
942120
983512
584555
291383
350526
672270
76537
346122
537194
813299
87350
580390
888564
101509
31179
160236
344365
380980
205016
722790
866394
491819
767554
979961
672048
484449
746557
915670
974131
284150
247879
367738
157512
515314
703436
156997
245369
614776
503322
138864
199762
199247
905992
110505
739329
557978
436226
664839
446646
183193
609064
715394
583751
624576
31918
867885
170464
490446
901729
751653
861216
926762
457163
926374
469969
560727
42991
643327
631361
587112
922597
668601
406703
640702
184298
207359
910568
875823
136448
232302
704525
591203
70857
964454
175797
563758
334645
46476
745557
66426
914659
814445
85908
656508
499182
551462
91643
523550
158166
648976
62166
865411
123556
221140
187260
267271
788594
795264
138060
501261
129194
698935
219101
412554
125572
378127
279295
322660
146626
474449
115874
881295
335909
270831
28459
406821
289487
176508
22637
764585
79308
65108
933368
220755
922681
327274
80804
169588
178054
744713
76485
537382
111023
47082
297509
363994
505582
875866
717067
938969
108700
948312
27396
704860
986853
857746
803960
7911
627883
493683
629527
763401
141664
761468
659114
332918
755699
35337
90951
707908
100964
893465
625317
437373
77022
537154
410127
514412
406174
798859
355337
650900
970024
842962
651076
758284
498174
590606
549774
342550
296894
500769
564865
639818
957488
155215
558444
121856
599444
872005
634773
43702
981616
943852
408741
636022
868209
667611
351847
303621
841454
135330
463111
179724
62122
809993
750839
557220
750850
872387
232868
932802
707599
652841
20290
923719
381750
230614
869171
725404
313830
498933
864038
691908
87516
996391
291604
834213
766104
396578
459865
476369
693184
113172
576755
647486
235600
388024
5098
554718
319846
240098
853021
835699
567334
720147
650571
375497
553555
326291
608886
579947
238672
387408
111541
113104
865224
546172
647960
396513
432210
503405
864602
498083
628323
231879
3163
353475
222458
218043
273006
987091
755849
793997
715346
659995
105470
653086
532440
361661
232241
583788
506314
329907
566539
700229
895382
606384
528363
855005
344314
906707
679071
699284
998276
678272
593119
853436
319981
715923
417293
218570
517678
23542
758894
827719
654356
288055
32538
680002
460513
65388
465095
444962
977340
692673
988894
846148
649587
392839
908275
809592
793430
602073
934473
741858
556733
366758
611808
335517
347818
994460
465499
848289
584156
458708
69681
694284
771896
764549
372055
89021
246158
81449
233815
94494
230891
565730
939871
486541
542612
500650
223680
515069
612977
550751
23211
376525
30809
47892
498363
442159
858258
272376
920730
580367
594308
924221
603792
552617
292232
533225
346039
92997
717572
487650
212739
739372
998477
521285
168726
768370
277514
380350
398950
438672
760573
587264
730826
770289
353605
796294
502497
422007
172462
892305
789685
315536
674689
221352
749201
735234
373658
938570
18218
72196
771684
707355
52214
449311
430395
200256
103154
904167
277474
897523
574651
184465
981880
684783
228272
318920
805590
745511
935131
725074
260488
356787
278194
75394
606291
902349
946020
394296
450680
265027
191865
259170
287290
949947
981614
673384
132945
308355
523542
465273
958827
263201
41556
500878
304990
502059
847991
388006
369093
840473
576494
140243
316160
880884
308867
624329
799241
764818
629413
859489
732587
912048
804910
474871
358418
870561
726327
67452
779930
449244
848725
615778
258474
380898
931089
321788
314803
136134
91826
823930
575148
2309
621291
505543
145429
437308
337550
922790
868595
16835
637278
955080
362260
925319
997866
97620
912905
824068
812597
447559
484861
361962
848201
647476
870514
272724
68657
647539
578745
243306
297703
136122
928070
293990
262619
836971
51320
825194
114364
766954
152436
178764
95073
656048
718253
582122
698651
528926
928369
350422
42847
287866
408640
344233
959053
826641
273476
113933
941052
48303
908058
912973
81760
374856
801599
474291
46244
574952
888358
130144
434019
599693
333176
137099
552639
985832
337208
56709
277448
93773
878592
823424
662065
544679
568433
227909
67994
389136
565614
561082
162502
128140
688230
640123
95231
133996
125341
826351
357317
53878
759911
974397
584101
176232
429646
219
306871
667539
750564
139781
756838
208360
599505
69585
661738
621822
274744
763911
668067
317243
113493
171571
568021
322421
553737
688113
175412
325080
814738
744309
981553
902778
296223
276717
157658
141653
930201
607079
130624
30509
68288
955078
594342
200140
152094
499883
990704
793486
802283
281250
268961
639953
267458
210734
503400
79213
217295
47186
617210
959908
524241
124976
872961
471603
277383
311240
689004
810073
368179
120264
512264
599638
88930
625195
378358
737144
2058
193287
967649
639122
308820
672531
805313
873106
658159
446768
840008
1401
882269
857991
110091
747841
728967
419655
961466
335357
325068
190483
476774
154953
728889
710130
562466
806511
480409
794436
611899
724224
830864
64396
843443
998561
920216
636841
690612
175367
741134
632475
798334
774462
39345
5502
783183
910021
829499
87999
636810
359800
41406
348196
911265
610465
414288
324203
759640
614761
938457
6060
345126
275861
553788
926409
268679
49531
998857
861367
37914
588845
989671
858955
814023
643323
447705
152982
908489
521321
813640
61876
617160
555833
401976
13074
701776
490166
673101
872015
973005
715921
281673
798120
363727
812728
305925
871542
747758
246885
32861
171853
807887
930368
915496
150119
511713
467804
623872
903670
239878
226857
673410
214014
975766
932860
63393
245651
378770
117682
340127
803852
45073
679563
378034
384259
621820
698672
644980
272431
360977
842665
639312
812304
168776
322041
640617
673545
698560
404238
895741
184416
358469
499260
366554
626834
790516
667591
30732
239351
808704
109173
253345
521477
750927
745522
278710
551274
689620
142918
555115
982803
618935
907934
371627
966211
429866
243139
48234
356707
164616
522317
816731
482187
510388
90412
552889
790358
475933
701233
884407
747299
474059
176369
451558
520099
327838
811218
355506
226714
955010
334581
553100
733534
165801
500015
47773
548547
125352
66189
160245
36743
488943
928165
496920
235392
549898
540574
439005
875503
88628
73635
577902
950902
571936
733740
791279
991300
409062
746451
766559
835636
909019
935596
7030
404190
92666
619151
362561
564997
271923
591457
579788
53096
988377
334253
578180
915932
520920
17255
995975
234708
741930
506345
66709
585912
19307
904905
920123
540302
722281
989849
798769
675700
314988
505524
789550
658077
157145
89294
760069
293436
326140
416349
733815
164561
192902
657307
28690
824554
490233
248862
469508
39891
673684
562444
197230
403141
751106
523267
418399
920068
950103
859515
139820
220163
269103
890955
667376
602652
764117
584488
297670
113224
269455
282826
511418
81673
265865
417971
127938
936001
105479
972387
838351
549620
789200
160009
997238
444005
693875
503108
130225
76802
841935
375527
83348
562093
126946
408799
408705
128199
474989
203949
707786
695429
781044
498218
282492
814138
239735
864315
995996
675288
508043
18628
118953
851349
946649
58187
679272
294717
325256
994421
472058
451315
615866
801141
588306
982319
382840
221115
715507
3642
605045
61289
1091
538032
299420
180508
465719
489693
461923
352891
987339
798372
765918
237500
495959
657576
296330
665971
706145
297595
972135
266388
742392
752826
876451
313885
486496
372563
628083
989386
890998
211482
272681
140079
237593
131347
483818
697234
196335
635837
546712
227060
280459
58358
611829
173450
365718
765100
325008
466290
433603
219775
857619
810304
882644
226183
564144
624996
570416
253940
200494
539217
80530
311095
349471
750968
275777
313420
571557
371670
624598
738658
265709
868738
431713
303701
408540
83449
450336
646644
420198
718494
960622
7838
171436
859081
334145
988867
978499
500990
274412
945442
13429
28465
581920
561309
47862
443125
797917
959869
613284
189511
548068
189109
125946
825507
915813
220024
908897
215880
568654
902766
354301
211701
643357
741651
33989
548052
902262
937896
786728
595161
257786
717500
415175
98777
184322
955611
648324
808679
250985
300814
511290
400811
847477
918885
302186
116776
911639
203595
577982
172004
479908
292541
89012
100439
312911
492261
946677
359943
933240
173583
105554
323003
430500
32864
986849
589625
638819
635623
632170
428380
3706
309766
166126
848220
193334
959289
911745
577568
789762
341880
441778
658487
542549
867482
101279
319868
206258
668714
64407
910855
112140
303886
935771
101121
954522
15285
51839
853257
296173
143266
655673
329409
37482
315102
314960
563317
676401
471903
200958
659580
623201
740613
161524
157839
268436
92407
24374
764427
489079
638554
671225
644229
628823
417148
706214
726321
381821
199034
11935
978052
689622
188737
767867
332543
681848
217884
77337
157727
363574
88738
83609
910067
844986
828119
127214
712821
315410
456821
469992
279018
772106
210543
425966
14610
18199
752475
127651
813781
533388
242125
319302
119134
37032
870858
248254
283309
92005
370911
545336
680547
203046
590098
771655
128630
727139
23181
327694
159339
35362
83658
922420
860558
319232
744430
250311
639726
98824
276915
156542
170878
840060
149126
893393
485044
346256
155845
134272
456026
430064
852960
15701
691561
60346
164659
215206
479663
202409
508685
568394
83225
20557
924395
581752
393359
623233
181758
119488
873236
547956
365681
881321
994565
968471
484278
786000
42088
500042
544707
969580
586236
593886
570949
458898
666344
946547
904280
798850
809082
375038
112886
677789
369872
225774
199663
204201
932761
680368
277415
53557
151991
726904
22960
22194
946664
370247
665350
205183
244778
565921
889162
766695
847039
364935
249174
657487
191152
88679
826537
145123
330899
884203
293048
4227
657393
159450
624829
317144
812210
446090
103017
20220
538619
701956
289004
121497
812934
277110
640165
297418
346813
601618
125504
38863
146440
709135
60355
572093
658639
616054
685604
124076
187696
565393
941901
121159
969584
266951
284206
49077
487649
684136
34653
631571
284230
968391
168209
363913
114118
476857
814478
149541
614322
203254
484440
81519
992826
124725
790424
753777
19792
994537
351433
717373
455195
238099
301958
874669
515536
510590
86496
368722
400245
727394
990657
410389
228289
36554
954946
711056
469702
196342
881042
108699
819704
102176
998276
52014
884824
533775
736798
630097
60878
463660
621742
57007
486378
16372
522018
137756
9838
998260
477821
397754
349899
166608
286457
724249
9376
265517
651410
399846
378831
410818
362803
585082
273786
725383
717878
468242
899227
106658
513371
634722
496338
30961
268024
253068
619236
1846
692047
324163
482208
613896
144135
968280
746847
493319
377743
956152
258473
766346
232796
325267
208634
894268
576027
95207
351535
707841
901831
997567
134073
627350
819735
46423
161754
777663
814354
791862
586380
196705
578757
216532
602593
765221
72331
358335
969914
230088
155110
485816
107193
428696
515521
931075
556340
290446
73269
301495
374333
676795
795203
750409
788842
819563
176165
913728
765583
224736
482115
490745
922433
340822
503205
122184
482347
257001
110020
560383
778423
890971
655629
874460
518999
891856
454534
457164
306979
444327
699838
311934
444376
213464
697854
235058
915125
528374
971805
179434
681108
587151
94985
381736
876561
741010
628074
181447
880699
167754
982298
362116
252969
323535
432349
380875
97752
558389
940604
662472
5764
988437
334775
639225
553389
212059
109111
375760
163492
845994
176906
599021
798883
436231
298668
274751
579806
813621
461311
848490
889084
837610
654793
445817
835013
811539
78300
469803
940116
138260
223236
524713
700020
102049
916440
95867
966793
509702
879421
68948
33041
479042
247778
786635
146220
533655
778992
418192
235905
710293
626216
305667
753563
455600
804506
59502
273364
767203
770917
935542
518483
376646
871364
17916
733807
753447
53254
130678
162350
126842
388161
917558
801825
493413
682275
766132
998057
396617
759364
645738
47744
648405
801645
122003
37553
215646
979155
776267
756483
47098
795837
291498
175074
936398
148583
880834
598384
975456
94555
670554
32665
787417
243313
334398
728874
229817
256489
219217
784729
922771
433728
841257
450727
961678
195360
579888
425947
983489
290935
951739
218844
141424
782848
371134
867867
794762
630822
504894
108845
514071
117721
3944
428910
869447
387230
424857
401290
532463
883490
508898
413850
605629
373279
476512
184400
44794
571823
31773
7081
779350
181656
408677
719774
139041
536880
742235
423427
606081
96971
537333
122005
956094
464335
705148
716757
835265
481113
638614
578574
232413
489146
295590
437121
262285
161350
683784
874235
633022
459140
340706
274006
207260
851941
198149
228163
492161
344712
340642
129751
360143
233614
49530
900138
819716
748632
428741
240979
447183
344088
250272
91440
547485
381894
209660
392453
118782
952081
557787
817608
524727
841943
693858
208292
541463
659084
121598
631014
695628
573476
57212
359847
546959
915878
785778
633466
276107
664498
91484
709656
925433
889268
695112
127272
491551
382532
567897
125153
744849
163757
829339
463415
469118
97887
42036
10201
892998
6595
289106
534335
509997
513562
370140
892794
609793
336943
335865
366459
665400
999531
486124
388077
992047
292250
417009
847824
591186
683002
64633
161091
324121
324023
962400
13437
85535
567740
750248
170600
353461
702340
637025
131612
724227
356127
163399
674574
14879
236329
58970
916242
142336
548559
445413
965949
149611
235164
868668
27419
12118
628796
719948
758236
527722
633799
697739
462955
867477
273319
13701
498185
612558
602647
704417
511659
633636
270461
789306
882491
99983
676396
458208
328542
248361
264047
346940
965962
392467
30841
122677
438614
919300
975394
236683
767040
165689
187370
860081
670877
607033
774934
362765
750104
820872
596742
891306
326388
658748
802104
279042
348153
554927
125975
577436
521961
564236
533556
800400
263131
258551
86112
97078
33008
527434
50432
948446
138032
841874
118405
849828
94181
142105
160551
210627
283332
804816
651016
518030
531304
720674
615139
480161
694042
891522
273271
927630
40987
109003
382080
473742
159593
559354
877023
380169
931071
745093
84523
968783
9762
876063
429207
540202
438577
985500
996296
599018
468436
800719
579524
361341
857406
653747
880349
584538
791771
956085
771803
427147
617153
932606
181898
5560
922876
946777
336764
805619
482627
106407
493510
300106
497687
848332
997680
742174
871077
899205
465275
871119
13555
641239
718447
883872
481892
845895
172263
800840
629843
507530
536435
903411
88402
234926
495326
146121
504122
257184
865572
44775
370033
997125
277256
533411
976875
872312
134309
320254
904616
557290
925550
884320
48906
365122
680943
30727
146305
407991
123989
994890
999447
386350
867706
35864
426591
31130
620715
260131
313505
46693
560930
817857
822307
902062
552289
747133
651182
560157
722556
196642
869187
186088
14928
511810
583910
181528
34505
800056
640539
325108
65150
730446
275025
433617
16932
319273
925396
183721
723344
451561
354351
945542
343802
91252
814619
747075
287147
681471
544684
938250
852572
344267
143769
624201
218774
382428
293230
162173
583550
476323
590058
832945
401536
509903
23323
749629
593061
636017
425205
282299
932783
904329
857726
744613
618028
478952
124195
959824
166087
13682
444273
307973
968517
895330
705854
421450
478195
123893
59014
470823
17566
404465
2049
670491
703529
502619
104826
804819
193478
569996
552716
918404
878054
706489
607022
461771
450005
762527
193704
163548
758985
285511
544047
424573
861114
43434
721821
946879
694701
354482
80219
324806
659612
354109
183580
118826
145652
502379
373180
763384
671744
305850
662872
675564
187982
932839
378411
777492
220695
525999
919516
141812
823289
70283
80646
478722
72763
75201
891643
227575
732880
209278
92417
272178
372545
27308
245417
30152
868075
172181
970540
28952
319868
543510
925154
506559
311583
7963
331493
670209
850830
801193
531156
117130
672288
740871
673468
977924
312971
411631
984371
36940
595730
530156
913960
62141
598907
319116
129353
28798
237046
669869
463600
182351
427007
417013
368651
135961
628536
278511
165382
77194
436025
528779
452239
243198
923068
399513
476366
224459
302661
463286
241886
952479
747126
434094
341952
252969
944554
466140
442818
29140
311898
250303
67682
571381
817937
710622
735981
280836
319847
229473
531948
322722
951069
311110
883443
916571
860095
717450
410053
103454
416084
709660
702936
525774
625330
797105
589355
743443
149153
338984
404816
422797
819875
718800
593339
893879
757514
902204
910565
236367
188082
677885
515440
560966
622324
865291
25150
178394
135064
284798
86852
318991
302500
495237
757375
71499
276317
556001
935455
773339
931400
275708
653446
36898
578192
253179
519101
851767
796637
133425
98460
280024
129697
798345
923546
564294
748666
270391
555477
672895
831447
463269
807773
289842
287334
588735
816352
613686
66958
425056
146915
294666
94259
477704
956189
880823
645281
164167
67928
415782
337281
1125
763576
154973
427068
763976
690630
578670
395037
62078
412914
629032
903065
645764
327728
257742
905487
924789
833630
809021
870155
764136
366819
639934
849344
358672
688023
880028
419635
504248
645472
61998
803761
277271
974469
204493
800954
208750
812136
899910
197994
423333
616600
368476
875410
600829
946974
344307
457395
423670
269647
155935
589299
750300
343755
286298
988348
586700
276319
792670
161346
599450
185217
423180
115998
82666
583902
713156
48071
754857
577319
454363
998060
801773
27097
170205
376944
951857
353321
648312
655154
162780
401809
262659
94739
551245
976658
806377
988209
848994
541066
21606
811471
391032
682680
455686
241417
861867
138160
926947
739406
91585
461600
424121
644091
459306
340213
712737
745918
520693
993722
375144
818775
983509
76068
868646
303242
572966
933104
462261
252274
109998
450641
108208
173161
302102
398749
880578
57713
486211
505589
872362
458755
126634
316711
383837
660374
933017
509406
785168
147973
337792
133514
136146
409005
849453
4527
429398
557335
394158
846989
77243
789335
24595
689083
818955
918523
766785
712424
288007
931034
579158
95913
788975
871228
526637
612874
714638
124325
291594
17290
624399
505996
385236
987007
448058
99378
860242
915801
316950
615926
953537
520898
828952
302600
425633
967628
699924
904077
707872
382964
790037
603650
882979
437171
825863
380389
740512
833548
948005
302357
116883
974050
812221
844438
892063
790508
391222
657288
114638
300241
515448
6825
125256
316518
96375
350345
957664
151266
359500
483451
163205
307278
751523
949560
238311
251269
575128
488739
430965
103276
995669
78601
551973
648131
685601
633443
813440
318676
336123
185186
426159
944426
680954
287374
392583
656722
115158
646295
497777
946749
85089
927744
88974
133758
793682
25199
667465
770285
783659
521779
60698
734146
53541
716406
47500
322559
71994
668111
988511
172795
46674
485944
525463
124377
359629
133957
786671
502990
460508
421722
74138
992977
109744
163139
159619
832727
755956
269410
954226
249128
565522
590712
592519
639885
901012
624210
125219
737105
917385
443246
737191
367603
869473
815948
68975
979684
956615
223834
738748
176749
51785
321232
628734
227558
866844
978136
833425
220198
918319
932752
530565
985494
94450
902430
365260
890971
554404
778537
730592
769694
280860
436872
26470
522184
391560
13893
314029
788281
760258
731488
732015
206520
6598
88933
10786
698634
228861
716569
263954
464028
349607
999062
640029
664523
606274
585917
767918
636923
172446
157845
497065
917238
308267
869516
485664
749628
353827
946694
693927
444445
414008
715918
668499
560977
592038
566068
818794
59331
866380
349695
148155
524934
933335
422608
513899
590225
968297
460905
651588
966901
620246
233940
121073
994202
45147
914495
626333
928980
982273
757262
8769
916009
696978
979799
152575
660983
498262
319316
569926
172994
559261
262016
631302
225858
199973
424293
726496
401815
750249
228121
919186
963625
815834
119597
957399
913008
76576
109666
910009
128875
63592
217897
985122
27101
844411
296134
290228
631907
59638
302706
452113
291030
836487
417115
41296
874058
564373
152840
318068
596901
510997
134313
218639
405556
687474
82147
579921
775380
903845
361057
530791
202025
241397
608827
355426
648352
520736
149266
965090
206712
656554
794248
989388
366693
148631
896015
432227
683789
611213
529577
838988
880998
451932
71701
316522
249300
201430
190654
683519
815394
453367
688401
582378
179610
908969
923669
582981
978345
74131
737669
902136
453706
199282
82503
140809
553082
805716
882860
321779
665947
861480
947033
884617
128614
343912
272214
5483
418261
135440
711673
231416
794608
351783
122783
463516
30078
79775
482737
645376
205946
821558
606898
590756
752317
344775
784845
834932
924631
341033
353858
928191
810905
706806
938330
617541
418684
423576
813378
528161
703355
21585
839086
976630
10029
404210
29450
399516
286494
763201
742127
143207
325522
706569
481499
882146
665608
338949
96871
888071
695539
27011
449654
370077
379177
714155
409938
342292
717388
539966
118287
120427
773736
185519
635854
312620
975660
902955
410574
666436
484489
226614
435896
383788
569114
153676
104395
147087
391275
78393
92939
555089
566968
475880
205095
485681
719591
835980
755289
86487
958604
489688
232220
880710
807107
733858
451335
814546
961011
470984
452999
366554
111651
649921
575286
72664
691238
159604
419178
142000
953830
216014
427632
18982
7293
844586
291414
286705
441986
542948
106847
55439
627754
153444
212550
760594
690913
960237
726538
977393
11433
405975
593011
620379
672690
263955
476664
811186
870391
731634
138788
322971
400477
139063
804908
855901
717401
82385
369594
150222
71865
627698
236704
963388
84870
25523
583204
52832
16246
206710
572049
14244
646188
452638
281670
702046
799744
755869
522445
619964
858720
897685
254191
531069
879378
667426
774463
789347
745230
609990
412748
219627
800093
230091
610121
872783
623308
693190
186929
185374
784008
783032
514259
218885
224890
709084
240640
296974
759880
876273
427011
305393
448435
672869
982976
105555
470249
317904
163569
181674
690248
393429
940597
10310
199736
142351
489347
352330
993572
344593
472598
517968
477795
341315
668043
593354
326399
875202
319945
206024
302867
890393
487041
794676
805633
32655
905287
485264
210995
313458
830803
125371
153838
820414
678215
435063
551656
335146
128527
50355
832477
956643
152793
968172
44706
322102
937209
629679
304809
269349
32314
320319
647825
860599
566278
437177
699484
431067
170780
94364
581134
832788
653036
900996
797888
943500
321728
553025
331622
496658
78812
110795
332045
303282
247819
448533
379461
420366
727581
534039
125934
499210
747550
577236
939994
256585
514286
553536
441035
244752
384475
488464
415138
106129
373390
89359
793367
310433
164569
399275
781397
106860
22519
228412
115655
966711
160844
496347
866343
588868
109159
252926
396934
817647
413619
236874
379833
846132
733510
973868
571334
104430
943487
239041
462777
897842
92332
734575
18677
313633
524569
362662
624511
866396
535925
781922
913266
629552
226764
797008
517806
182438
725542
856124
705755
811247
501012
582830
991353
145414
631568
73061
868382
244024
634804
241525
816056
2714
776230
873722
358428
360134
703216
41484
955862
48879
731807
86441
522002
31858
419215
509363
780738
289376
542850
639778
565274
606276
625810
941519
679803
780678
356706
502001
144563
661257
639218
720276
257910
100760
784523
965867
854460
448245
814164
78850
387679
925876
627820
57013
532298
591789
796304
980187
40524
44983
238142
951943
315739
958589
611752
122822
298788
792025
596902
3362
835329
945671
241104
39909
569469
806425
544425
886113
225967
829498
91245
515744
947912
814027
527393
271892
665466
308539
245917
794599
611953
303909
664743
451555
80338
555530
876551
965373
142074
982182
515927
35402
568041
585166
548426
531883
469090
513049
847113
878925
795617
535405
229341
235521
513231
593525
472155
343804
705614
703009
626423
372749
134391
244799
497492
161687
330738
277123
934040
422561
223179
302664
17574
868028
992647
986741
814612
728134
894740
715276
471731
109690
764170
361104
854118
651463
642837
920324
183912
14621
250241
558105
556206
452407
72003
56521
608516
497684
93913
985844
648103
383682
587585
635961
58024
252424
873196
899325
257861
11699
541293
937868
278652
922442
637519
818002
47238
681074
757160
366823
596529
136415
496378
17166
599137
862402
221231
460767
120188
701218
218964
506834
743851
919154
422109
535064
880180
297440
893477
96586
806167
960937
435564
319582
12547
618905
907657
322437
305103
633917
829549
939188
639995
273805
498916
332257
878600
804785
613927
720810
698124
262973
870905
919498
556830
691885
553267
353536
348541
939100
145143
683220
426872
576334
679837
528770
988166
208622
707959
99076
201214
695103
541504
344968
119183
836031
508106
965355
394045
610975
314832
285839
963716
319682
931640
950743
141700
247400
790257
301679
247129
739923
603247
583840
382783
519240
877222
631703
345135
514583
692456
488427
556362
996522
365686
733200
750993
740357
81817
402858
172869
364095
910795
727174
217787
464677
513353
193584
314980
878811
838745
258297
126829
795500
700414
165520
196057
31101
263825
305084
477811
850562
756390
673651
943990
253563
73955
963961
682432
850747
584281
660759
737679
851951
944113
455765
710552
918592
479038
777872
292792
392626
899660
143263
96570
754847
889693
615554
879792
423370
112301
381227
245677
720669
467118
60404
476387
921723
840551
672641
462200
109314
465908
597551
915849
864654
776445
110341
339461
450139
1591
193357
789338
926655
896615
199687
966208
762733
174340
370748
20207
900390
30023
923332
434239
363344
413355
385688
964698
834918
473546
878824
564852
771391
249864
458001
500041
107930
401963
390697
483938
84705
882437
890927
124206
811399
423926
28447
448468
554586
562056
112220
89205
864953
527207
256314
85848
918455
561316
413656
825587
996101
528993
721524
74650
360987
269682
657209
63336
626005
192617
989399
212094
604945
412363
671799
263702
751010
918459
468870
956622
859223
300317
221004
22999
566891
300998
475507
999754
316507
213129
193125
961713
810683
234511
956703
886792
49546
818004
2569
957345
945690
856110
767302
512859
156916
169077
886458
219128
326727
380579
487159
297824
98132
846606
514282
484443
857793
72325
713684
514170
971077
227889
403416
488472
478666
57687
113023
323314
564047
576402
658764
752005
337643
429499
338132
389189
780198
258115
809090
461185
550835
417283
829991
430071
83028
144521
220480
982658
836383
810245
103335
828510
932535
893150
545205
579852
394616
436870
704007
122812
948882
37278
246786
585674
102513
395346
603063
971870
215079
506820
866487
920891
139307
116708
702515
867222
200123
229941
583059
912685
919442
294167
702899
553385
455507
372545
620896
973925
843701
613915
145470
441478
946905
475575
264305
214893
605075
405647
542465
773546
427347
66952
505831
764972
481998
172346
660816
427411
443932
567694
616498
19781
148494
383779
789897
184407
699360
659694
370193
906849
208837
663786
714428
49335
732002
683033
997315
603945
275797
3568
211108
894051
199834
742764
635784
724785
13201
342129
739381
858498
226383
508032
827871
787224
122952
469898
290577
553688
535417
254566
931574
675676
701983
191828
78106
209882
621972
782656
240149
25819
982071
770511
468262
962533
874639
856297
135333
146242
462619
294442
999973
369700
34344
76047
814612
527822
579781
821062
445682
312383
854439
130952
907410
147494
808741
742464
897832
755127
993440
810615
998612
611390
259937
112759
113725
209631
701012
968645
955602
819616
147210
800088
598278
196799
865512
752039
224004
648877
363074
787765
491518
546882
48877
895757
592686
885014
159014
792184
829779
110811
640118
322342
686606
502694
206200
690360
115910
670402
414143
319523
395877
388751
945109
927228
500637
97948
460152
990339
209686
828047
804038
829933
242160
158556
348477
382308
415960
227638
715957
18536
236571
663212
102382
329809
623445
700665
680636
205460
737689
209620
76529
607058
445877
282178
245030
6778
442677
677237
617441
174397
175725
992940
807657
547577
603789
819871
412471
190735
650856
73278
828933
879434
73937
589802
281404
802244
434565
717877
962540
435341
716946
409682
35162
513014
542571
828500
969361
483705
367696
834269
7615
255693
329372
405696
403630
378965
27920
392511
511480
575567
589059
787723
509802
236907
194717
106613
20922
134391
382774
472872
903561
805044
126605
463647
624425
887153
609739
145011
485422
814216
300633
641454
979448
800784
458476
414471
607858
256518
906881
785741
779556
726448
898589
561548
295257
963639
992485
483247
955352
860461
138271
938765
693184
759926
96208
188549
490983
973202
491759
572939
56650
73518
710357
655643
531833
535824
571802
23795
262560
795559
99676
824915
792926
508916
872810
988964
315627
32141
668541
167803
453557
362424
642428
989329
317093
383600
111815
226178
218767
408772
27349
144202
120042
874249
32411
426418
476244
890824
253273
153701
356147
133607
403362
916590
129019
258832
3513
851186
719943
353559
943255
18897
841166
632190
938883
709373
96957
470177
680441
404518
841239
978942
846506
604519
86094
952139
109602
271852
680343
970055
948423
926702
54148
825424
680682
806406
913718
519422
518302
594315
299443
859015
273996
669930
68698
387723
477326
564942
407253
268388
367823
803374
54915
36373
842966
717853
674047
292953
151589
641121
297662
952407
300538
745475
991950
646877
382257
885561
535293
260927
964841
812909
25231
126700
29493
433961
292981
196994
255667
475209
533800
562533
181348
985359
775490
40287
389191
514386
695187
447494
675647
83217
742840
104141
156311
685817
477755
171390
400001
990636
946745
278255
401460
817505
125774
635611
188842
437200
220603
975156
262322
501996
579482
320694
324301
126343
891181
180897
183575
50527
413184
430067
308297
303843
773095
996855
355684
63437
346563
305978
793662
262358
559619
1928
296326
728616
555889
289305
851747
821071
329772
789392
173468
298346
377913
270537
5368
473903
975028
83258
421747
280595
187562
236670
177376
177634
640426
931480
110239
24094
925947
21617
696704
266907
434336
140553
799042
409309
472350
271949
611807
330372
189025
355935
331381
277023
237662
388899
812435
862718
409230
816024
148450
782327
335880
669017
286825
606179
808005
575059
451504
213140
557972
25482
799258
495052
381155
527955
154087
54346
594414
414271
419700
96841
366404
584752
16924
202327
889722
337849
201589
937983
900689
608006
2455
453158
509678
901583
452263
462037
968397
594662
436592
267299
560068
233011
795357
665392
878607
840220
838803
740552
904746
892128
214465
228647
943184
580921
234687
541096
119450
459396
990646
218008
847549
421643
966254
79384
519265
169152
806087
994610
257053
131877
936696
935055
843394
33682
111880
797668
470430
708581
279407
709772
497134
363311
547017
858861
769808
3883
43319
719243
360730
25192
621697
235012
568592
133589
397122
920895
50951
236835
635368
625474
697126
366036
262074
313527
82709
238361
415836
249722
471045
926946
423199
637696
866977
452097
505962
532202
887439
695366
892441
51130
224663
89611
590052
933812
409146
113737
559638
537296
291031
392970
394657
126234
918036
590471
450886
982543
829299
144056
996439
881493
393919
413242
159004
114650
42847
492948
52928
534694
299571
555549
14540
566781
801682
13769
293080
758447
461358
162350
457970
147446
369009
856945
861756
216589
332362
73011
410942
562852
967192
710825
402816
637356
406403
615146
534681
803356
253172
617337
71598
487482
175202
303233
295027
19366
203113
121299
952422
622579
244425
109876
730299
363331
895324
883454
946983
46626
920327
841016
447990
388963
978376
258421
766994
449918
893570
589804
357440
188479
706370
217937
294834
792563
78365
172235
437253
948558
801244
478942
690960
669559
716811
356290
250348
504206
537508
95337
960698
485319
994915
942263
324192
148444
22706
482158
913516
891893
693898
420331
691679
351616
266707
55169
764163
353883
906658
772853
571456
57030
656419
611414
11231
264589
262625
140201
627535
686672
366187
812743
700354
487556
674391
697830
552818
741131
230206
549236
441641
573535
780590
438193
312736
165537
404737
691181
945788
11298
936764
625783
9549
854974
932023
951264
758593
400094
755977
118470
888718
399077
314220
90617
500264
750707
348273
808770
204637
802299
774692
819444
488431
546024
149184
915556
231239
872537
135721
827413
780612
863609
947103
135069
731147
179563
135223
963076
468297
633768
106213
235630
943968
656579
754182
934340
53307
135978
704996
755027
771063
918297
99399
202372
909043
463117
884693
584759
764568
563175
945201
426531
159340
593961
432123
587076
25245
266197
293774
16835
676081
907188
800378
309549
149010
860505
803278
582649
839814
996869
98627
520070
72651
186625
18698
425807
64180
994347
357012
682857
840825
704644
79213
77287
783477
171808
958195
323998
167105
917733
229582
407556
695793
67307
397065
267432
840690
909340
28772
140157
287431
805216
405857
955224
944048
683981
991590
582805
124103
656125
220378
680736
523960
963810
600945
91212
610692
332987
721077
321416
14490
414460
199439
436036
760051
949259
359207
760075
930926
325650
9801
364833
348162
688222
278941
984698
220085
746268
451207
458911
651154
282928
294721
173377
561829
255127
505973
102800
106665
800629
536140
487035
848398
562150
635921
212968
947364
702038
939557
385957
83725
413496
255343
509283
856882
189666
321597
895400
156275
925113
468618
550907
185005
813886
940696
185804
339443
652782
20166
165756
860442
167761
993356
945037
909313
257691
328655
626850
983395
106366
53621
547600
153855
941557
331379
787714
649803
278813
740164
440586
208263
658113
198755
6120
195128
790222
225868
438593
97758
148364
231226
411399
24836
113178
154375
382416
209767
153245
898011
863920
108348
700828
534940
828138
82852
470660
77046
218529
430073
245930
201227
997219
710479
604618
636509
704584
472353
884205
566113
152572
50527
616789
27676
26663
594696
20854
288195
193685
470377
322708
943736
158954
430257
793042
525228
689742
536258
769589
463980
797636
524882
147151
99445
346719
769067
686850
445628
241581
63469
977672
101946
463401
887286
610649
552269
130376
764196
687312
137231
463475
478033
271714
720034
741358
638100
860598
701522
816702
537759
359161
951763
793967
958338
76110
198301
780556
242568
894771
298936
910688
236598
621169
139476
13546
947430
89257
733480
432141
758221
299668
834088
180532
801006
32464
625124
745250
30527
945535
114075
520800
525179
219756
563510
290136
950388
884653
344743
756530
864131
48391
742649
811304
626575
17218
624319
978331
12657
227061
658723
681139
763584
401546
158005
453804
277921
521148
602245
404172
971989
875535
766080
423282
79900
581710
328811
798894
561125
827944
891808
397664
29056
297464
39484
198728
52171
865189
25420
544801
452448
281023
783693
443618
766546
490520
888785
590404
241728
432916
41944
71788
789916
46578
483385
255538
743575
690036
247952
869419
58819
370404
987579
910435
951407
939239
477655
532704
687648
473758
429022
330602
827359
435780
797679
209445
42
152630
375233
826984
55950
457652
280107
232785
394760
913709
608313
138009
459157
204133
307830
52438
281744
433305
278376
128174
950432
209777
730070
828004
732369
972587
868389
366042
22058
73402
935776
807256
461855
747194
212968
478118
280340
81646
864861
655704
962599
143368
970450
163991
169798
276714
97601
592803
587271
581588
405746
378488
36093
545446
345291
486711
974917
352616
274240
493403
262452
513459
368877
62535
951562
104794
233934
691129
115501
16340
21483
252216
352122
394915
980703
789497
814263
581234
398773
765114
554222
148591
521722
851345
174987
290016
895718
889682
109512
321163
544458
366228
177100
568186
156730
64929
183006
489582
607689
887347
279550
485166
971084
248685
324043
187991
93970
456109
113313
305735
136645
506256
3253
125994
648027
329561
107970
359022
724194
711901
197733
487673
260564
16472
346931
919423
664464
8059
683820
704147
464391
766993
654466
828894
899992
507237
958525
541975
129315
273848
974142
460727
341374
595163
499783
641342
824049
805632
975956
628177
278922
462878
321699
111122
756732
768453
321363
306033
27260
394491
61011
719745
659136
823133
699696
453314
205023
664377
441794
375411
225677
487990
391762
39450
600805
90186
617763
86252
286635
863119
787180
949719
163555
490846
186920
365894
347971
2720
954872
565459
672182
951669
364500
934574
119163
162159
349149
871045
504213
246069
619400
607467
323070
346083
16680
413855
521905
949867
539314
396881
264951
982491
147117
508476
765641
452409
500530
15799
338203
234810
211355
167701
140449
122660
517137
45224
586350
277880
33960
10848
486568
787662
807518
156495
616426
924268
861394
112468
83255
951674
105456
643357
232944
335044
980538
290221
674440
729821
727632
328845
359719
109440
149714
323106
368185
203475
86571
328823
183681
661346
438515
230689
34468
679364
407126
364505
219523
810691
401973
825343
354102
544255
906634
633345
224359
95817
623534
582031
257096
565009
604321
281712
646986
496803
298115
981682
865329
701597
102822
883786
161892
84858
592463
837813
92877
658195
964799
434542
162702
91844
530238
264685
965264
108465
945500
512197
440968
535561
92182
541883
295852
961541
483838
488346
588759
893043
505655
846330
262193
777583
798576
655865
926895
357787
723593
793535
199968
93736
231460
860570
49251
527848
98724
791960
666049
580338
284781
42481
247625
626565
185063
758301
265401
102886
993606
521515
810857
84200
644425
893438
766720
938775
264058
678726
978814
7232
708485
863053
658309
902823
587900
417249
616013
49547
919081
571055
488342
634014
299880
358472
610269
808271
150971
326811
954684
112086
125872
230314
139689
690874
50311
367942
719543
500377
241654
624652
446494
254069
616443
946380
619901
107222
504364
385324
218957
382592
579308
204133
425630
880664
64482
295978
281948
835541
597143
74423
353420
897814
390228
158932
998795
793877
757679
770590
44762
297196
251062
959224
1726
185978
53359
946024
49646
155786
138546
508480
762924
370084
284527
280407
971488
989505
852912
614213
792314
218216
221744
438121
162311
669857
288245
925295
759004
332219
529716
531340
491476
335804
196240
717407
459869
326992
203355
488818
269169
994986
137581
28359
658050
576644
470369
986286
909935
369289
892046
878504
793670
379657
58513
345453
635550
711422
388762
83189
729154
180238
679840
299680
629672
55157
730936
223994
210449
36752
531175
768520
484179
309865
701290
57686
334555
534771
550841
757826
755606
657839
359672
607752
20685
583161
411977
375760
699147
991976
529080
51719
681726
466275
697643
654963
620225
360029
51854
35022
404147
325395
942772
172861
382592
504188
122692
9526
902578
377090
565231
952775
398234
602390
589238
645947
118029
134702
267432
86173
970621
116785
350114
123466
674576
219872
347715
101517
27358
125269
851008
835464
485794
941872
135949
339822
131755
447970
470642
797940
816761
730596
59485
630204
488758
690604
217226
580276
747053
649510
678632
954484
69876
746154
286095
659901
25832
682332
632545
672362
312711
187695
772865
245624
529262
320633
384758
505287
893690
941371
774780
308749
342135
816053
401465
26178
176407
314521
408566
633883
742855
529617
620803
481638
215354
528836
345426
832674
201804
738867
118666
922532
208931
514771
748642
301018
60005
335244
658716
677742
953026
559881
901857
18937
346184
527413
569174
841683
434619
498879
728470
454215
901111
776608
194272
576397
947744
707585
264279
18564
928661
391815
812261
675205
809748
677053
670616
733043
185662
860523
409291
647511
546236
164744
592799
154629
728922
421980
520902
429161
167974
126624
391346
403001
880293
416761
402514
562319
42394
715277
651683
688147
112416
15279
471342
679942
920897
825958
696055
985620
6630
64015
774626
589999
981252
205266
940229
311051
583382
471573
844635
23042
227113
755538
150622
98880
677447
809524
247669
182698
984620
111600
776874
352591
832758
409088
62863
833467
565538
615218
745469
164439
942722
115382
888837
672730
144552
824059
533445
5906
671127
778174
463801
171048
356635
652386
957051
254162
130300
43707
791915
266117
756730
707760
925473
261269
369082
934630
430313
905919
570728
829433
425773
427176
454066
276083
616511
223294
483377
636531
287881
421755
321290
433072
291972
950523
558301
85459
646389
267005
618597
424501
148451
730373
445726
148081
154672
857158
301110
897137
451945
128539
679451
478294
539367
281879
771020
966950
639788
699657
544374
372904
798596
318008
626037
662439
990126
182629
816214
664150
101146
947448
231458
537044
875907
221198
365157
765533
940901
108526
895154
847843
410286
78697
154997
150787
116921
346714
566067
197587
845309
622396
177916
181907
434018
436904
210953
140015
132694
846832
15569
168552
133299
955131
331502
323238
116832
889867
845964
670006
895493
82172
825248
203409
985191
588505
410936
332212
634285
792146
780444
581116
90191
860135
827962
838615
247540
118169
400793
351559
156371
898576
998920
733103
542351
885761
561056
533240
654496
198195
980030
372784
961330
977802
903785
712162
343599
305357
910717
43140
434969
375516
